0.001202561087827139,0.006373470167596569,0.028622249115893901,0.372916744628498609,0.549550662596189676,9.009428599429350371,768.770760912517857832,856.326669460524158239,916.393572819997189072,823.080158405596421289,918.504956418669394225,743.810100077519336992,693.644598670260393192,863.563291453491387983,569.153265380166999421,782.488486925413440076,614.635747438170938040,741.154817194647762335,793.210894549815520804,635.404971364876473672,878.331894735946775654,610.488837903823537090,725.095836525815911955,538.366228761623688115,630.822240210863583343,0.180629701528755127,0.334687598844028322
0.000657583950599975,0.005654525404567450,0.014823111394806904,0.184963521705516443,0.565555436932908440,9.386632454535350334,787.554126921726492583,758.614249192923352894,635.234996042243210468,842.936229036726899722,876.409837007900023309,937.049677081261847889,607.907324200223342814,992.507174180636411620,807.203053417561477545,685.468435047919911085,687.533959871021579602,758.417971286543433962,786.297984806609633779,553.636234858464604258,616.253971360351101794,644.781285082945714748,523.690240883554452012,812.603338865028490545,936.484588262166425920,0.221760495025479232,0.185477759787165603
0.001660499880516411,0.004429835472365038,0.100946108786913707,0.698843448946784296,0.472454281702377188,14.365024849773067928,876.006239243811819506,756.920753027976843441,718.302862290093230513,757.330007393042023978,694.835459482309715895,649.090721659031146373,791.157487842706586889,638.860527141354623382,746.898513877890081858,801.855942645167260707,586.239183858731166765,763.564371010629656666,647.949513591779350463,700.717286363796688420,784.687585070137401999,658.844887029837423142,576.310363547834072051,597.379515299257604966,687.803841407578374856,0.159851977675321555,0.664651002716076911
0.001383767187716558,0.010035028900543107,0.043714075395960929,0.478502364696113403,0.577907691317079308,13.150538151015499722,771.639591498511663303,626.582746350155730397,785.065718684232024316,793.423232143077825640,771.532486980663179565,731.970291625352615483,816.982136066212319747,772.653824942176925106,700.448697271894957339,859.477701263915605523,545.908060267143355304,781.017414739805076351,869.877673321712222787,696.822726182567862452,791.502293787994972263,717.674541256341854023,659.427801210222469308,534.238781653885666856,673.823775884384644996,0.163886192671681585,0.512682501185184214
0.001641064834089361,0.009502618369865472,0.087492467994340156,0.489469230959172830,0.421627258800455929,11.859456896270881288,805.811681553293965408,697.422070822825617142,646.303323831413536027,779.894557583371238252,747.607948614763017758,847.259277328666371432,713.603101450504368586,775.587461289501334250,855.351291295635633105,776.344466217718490952,622.721783702486845868,841.651845434029723947,775.455282557872806137,561.637997157380937097,657.392450469263280866,701.370125046244197620,514.756044819034286775,807.267582938169198314,815.519375761683818382,0.164674836204804609,0.613223914570593109
0.001225096725506571,0.002616321071542778,0.046057551786294365,0.508850823845638289,0.501598397847285105,10.275580198227123319,823.190195967806857880,724.434733317197014912,698.614753225078857213,683.922435511852768286,726.130255948150534095,744.939325473896474250,659.690907701621654269,868.158523743486625790,688.967032956218417894,635.245848974410137089,646.322744113134945110,723.679685150050431730,750.377202079335575036,656.559774284315039949,666.901473121449384962,526.558557764768352172,623.924138110642388710,670.492927885253266140,764.707068623674217633,0.167374423683571916,0.381237029443386777
0.001290551228581930,0.002174283345752510,0.052094707472039481,0.654423270952105507,0.534769598825313497,11.612442678521022188,864.215415332768884582,636.577014882516891703,602.972407657826579452,638.871631542641466694,674.440280740285061256,722.132096987370687202,643.210172398374993463,849.044599496602700128,695.303911042089566763,579.348877875120251701,682.572734913718250027,712.426177999219476078,764.429671230854069108,730.368836578212608401,619.107290527547206693,511.008614550477489047,640.650598790382673542,601.740780847834230372,817.677514384617779797,0.166798107255520467,0.436893157100935292
0.001338779828420877,0.009342670548953699,0.048499183235577906,0.559966713411891859,0.495076789298190101,10.633617180894397336,749.083369029808068262,655.606432538429999113,776.051817240799664432,734.497245906349689903,780.326255134935877322,786.388420716065070337,636.506012825820107537,838.147853622202205770,712.532126751788155161,665.637229610822942050,673.676784319729790695,753.611781246432315129,740.779149472087283357,674.996826304339720082,745.781511411474753004,641.419815791255700788,673.499832070783440940,638.132437847569235601,755.691754944299077579,0.164765833535549633,0.486334188051561866
0.001080094373866962,0.008142719074500208,0.062211847083353297,0.526613580230624656,0.535766878253739032,12.350387195477523505,794.865849943451053150,840.312184346176536565,648.295848986816395154,670.438669083684658290,776.837025804294398768,627.240056092130885190,707.153324506126182314,712.970411486178363702,923.043298221983832264,915.807909782992282999,530.422747236246209468,907.042368009916799565,681.200267541321409226,568.870554586994671808,840.092302873682228892,768.513539169950149699,633.686906123117637435,684.460966280998263755,618.437734184668670423,0.166373453045377317,0.527790192780156930
0.000892669267731365,0.004462095714321240,0.020307099859398478,0.312746846979008897,0.517403915870733422,10.184039923059225785,858.498875740927928746,840.644489297519271531,703.563751903948286781,824.928623909386715241,842.183784548401376924,858.852408531109404066,653.102899849210530192,933.360697607366205375,739.582636473420734546,821.242016937365178819,608.031642502161730590,803.056110145305183323,754.774796799154159999,510.895551774066063899,720.222016809022989037,648.667208071026379912,498.151926695582517368,766.584775457742352955,804.731104130022913523,0.191276389225916055,0.243438781009619298
0.002062510797641370,0.005401417067579319,0.111754000427925521,0.582142416265136964,0.588320139603332293,14.726569903376869775,820.419451353204635780,625.882946861934897242,655.180277287925491692,684.793585257990685022,664.339362195043008796,695.518909462415081180,682.931775969072191401,673.961707516662954731,880.344842082051854959,854.998055777461331672,680.924120525461489706,698.533496973158435139,667.487702807280243178,620.324981046182188038,580.953756188895567902,586.656150221433676961,408.275968940223492609,844.760834054757424383,860.286175663059907492,0.162369570492598925,0.693633494195010303
0.001763497151453724,0.014692977386320277,0.026868496717110085,0.124721724463192643,0.604433575196395290,11.141806972300264178,652.498410414096156273,756.521821845200634016,677.179671508581236594,792.226279984844040882,837.136058779934842278,900.643833737526847472,662.106712419115524426,847.858195342492194868,736.349162926876033453,756.120815352361660189,688.591777402435809563,761.227412412946250697,751.730469918355197478,642.489138126450370692,762.525917203970607261,686.067924374362974049,676.792890044837008645,658.278767692370706754,870.372555306531126007,0.182934967240960922,0.420660522795031466
0.001020627545497786,0.005454286784602824,0.029056945344284470,0.284208015492260824,0.604702300852359098,9.842944521226467458,770.636267041300357050,704.309641456175882013,658.868266326094499163,772.386906679995377090,779.719343223263649634,859.496493745372049489,676.917098217079796996,929.967173275187860781,752.102868283042766961,660.733168934241803072,687.987739269798453279,722.629702062104229299,782.776346878469439616,555.564542146986241278,552.443258294680617837,606.213704545633731868,512.925825511584093874,782.249074630220547988,886.690520063035819476,0.182601310361562685,0.283872873244051971
0.002259786901449301,0.016302874198613891,0.014144977810940887,0.162934596224561634,0.619038863034228171,6.331112586735363479,614.844142095424331274,903.123282595657428828,830.457886993130841802,859.106300084468557543,932.204241851890287762,823.294226601198488424,692.216403610292900339,895.162998355006834572,665.760834068272629338,873.041816661501115959,601.328485657545115828,696.536832551468137353,844.419882402372536490,469.311879762605599353,808.572268069601477691,783.574624370705578258,698.334613702203796493,753.473436971969704246,709.116350885542829019,0.260586022809997542,0.302941879388635371
0.001655485800740244,0.006699913489799790,0.065776374016841554,0.643914439163256858,0.504657390480350743,12.441659661868960995,854.450870948330816645,612.449997822982481921,628.927803104111944776,643.113535127951308823,702.971182838855270347,722.519392723609371387,613.187277570805918003,810.543049387323094379,710.023754413988399392,673.716893719136351137,668.483264775308384742,754.192898342887588115,738.935745153051584566,691.570789631238312722,659.842523467434489248,572.799627443090344059,632.715099316216765146,648.978851985068672548,780.022646993054991071,0.161034942975006090,0.566969492246464646
0.000622998704131177,0.003710368683518549,0.015561840131043904,0.157756447688633561,0.542676906332368425,9.585681870831090023,843.537859029516084775,771.864031150982100371,737.584687201191513850,866.355233950393312625,897.865213597662886968,948.692275187230393385,596.926407902044047660,988.730374430876622682,722.367059404536348666,733.084242071791436501,693.804559707911153055,746.520480610340655403,774.939965594881414290,576.896418851332782651,712.663132261097530318,644.904116036868686024,567.507980905645808889,725.725577895385185911,920.906779109084027368,0.223186119873816979,0.168650477873734106
0.001273006801603558,0.007565802351247233,0.030148244766587843,0.601528610732441349,0.540731994393019222,10.017104045560952130,810.336600344147655051,788.284650903254032528,819.813181542931602053,753.786777278245153866,774.167269858336226207,738.339580154443751780,588.330525311912424513,903.806522389754377400,555.803062498581198270,783.580679899794063203,646.059929536023332730,694.490650842467857728,696.599993031497206175,647.582418085257927487,748.934514303644277788,626.935942266223037223,668.170506695862286506,537.305618415636217833,682.979822207778966003,0.170104343605920860,0.394011973940313343
0.001120673450647582,0.013709184756995804,0.008525572623026292,0.553621943916814407,0.542488033004844272,8.310383514451528342,744.923626381352619319,859.812405653706491648,606.495963831731614846,743.376886699460783348,744.930782020425795054,833.228655820446306279,617.249525984952811086,835.470221052407282514,574.648725807722712489,616.505519710143175871,648.057638368525090300,720.477996226499726617,824.978449030551928445,684.745862717543559484,571.268183364566993987,651.956415872505090192,630.484366164077869144,667.166678512011799285,723.768622087445919533,0.230041252123271089,0.313319702124073562
0.001475489398555577,0.003737187781491965,0.047546777364629991,0.596101114936943177,0.589808503809729379,12.419721741873924969,836.731116291281523445,702.846637401147063429,544.923919563151912371,641.514397440069842560,675.729648996500145586,751.708036070031994313,653.055991799375533446,845.297237976394171710,721.242076054176095568,685.677274046855131928,651.826271713385835938,730.720411757291799404,722.704985923364233713,618.241807420946656748,549.623150350215610160,466.220386899157915650,554.630575854114795220,685.519535199476763410,824.901827883441910672,0.165342149963601082,0.449329311240056539
0.001574879838465697,0.005579467166722949,0.053747537591271662,0.569733186045598861,0.538436297502205563,11.712280835463568351,815.628607811048141230,695.857287647584826118,747.814501814795448809,690.648161085757010369,752.197934763612238385,728.708142795901494537,696.439925615098445633,816.907380817300349918,718.490069672228173658,702.382661638910008151,670.363525054998717678,713.230137941750626851,730.525164491347936746,638.979075312768827644,690.624026903281787781,615.452692733355547716,590.375721675618819972,662.546478848364927217,788.700808541641094962,0.163582868235865098,0.500694015714147067
0.002403677782710258,0.008061989968849527,0.075009419692276161,0.720581412387514719,0.532128377629654592,13.697735035618093136,835.417991892943291532,613.972682705774673195,584.722298831265334229,609.545735660871855544,702.700044497545491140,660.997507629780102434,611.397095262698826446,781.202862312005777312,806.078085804884949539,736.027484349523774654,631.156023985138062926,783.136573299254450831,747.551411832152780335,610.438479182965465952,654.325815255591805908,575.534840993695524958,580.669524025758619246,644.413956673422603671,742.058337990118729977,0.162157243387527350,0.667295177815125484
0.001011541186225385,0.002141765098427391,0.042854000562992066,0.625606411314572952,0.502639371097647447,9.928299803656766898,893.935323304292523972,750.145706306211991432,729.365783123499340945,700.179498262484457882,776.103477197097845419,745.464382931142495181,620.006475445737692098,882.748484215669009245,609.661239345389390110,669.530420199738614428,660.209090865352322908,747.074589752037354629,773.178573762203541264,709.805864775351778917,740.489142993058408138,536.634013423289161437,671.606308320311768512,588.420957250955211748,690.243896896679871134,0.170741324921135695,0.358191016679874852
0.001028534682184620,0.010601615355467633,0.019558836611367640,0.000000000000000000,0.557893735539802038,10.327798279786943425,727.050515880097009358,798.224340430144025049,755.579656032898583362,900.450253458831070930,910.497852426693611960,1000.000000000000000000,650.571851189820222316,960.697432713892339962,792.414204768877993956,756.663699339909157970,724.474773264225973435,752.168998836375180872,757.097357986912356864,583.571285646079786602,779.369527796957981991,789.250355771448539599,612.580489450674804175,752.871735943645035150,929.627546488136545122,0.317580684299927252,0.415076731884373662
0.001853687314100536,0.006560663650543947,0.030938007251887369,0.412748447556523179,0.441692671679827120,10.440788972072724050,822.608415581194094557,872.359586983559438522,830.762843220799368282,781.940296382274368625,817.333653063910560377,770.022532104986908053,662.583766109662292365,854.096727524951461419,608.050938895874764967,817.527581915998325712,613.522409354028923190,743.372336276211171935,707.871692545636506111,630.328136382956927264,844.516294382993010004,673.616319928462075950,697.182727640126017832,639.560540984000454046,634.544554797008572677,0.168496724096093176,0.421419611346736778
0.002103355242463811,0.007682755915696848,0.089912775210129636,0.529106436527549184,0.603468404163332250,13.740318884790085008,700.884420835696346330,714.386504663285109018,839.976140553559275759,691.742614754205874306,782.829130762925274212,660.284778647573602939,767.834048012170683251,721.670328855723482775,781.787759601421953448,858.959140634053142094,672.279356737868965865,725.925290004696648793,709.547634113833737501,708.297422887048583107,855.139302301110319604,630.430613564465488707,621.973096860420469056,628.707765677072870858,726.436382030180766378,0.160579956321281192,0.689355797480064036
0.002045054794846779,0.004830155831394112,0.036604768480889900,0.260786150101481484,0.500629213823851282,10.461223090222830479,817.848927951352834498,768.310842001255423384,681.513380290358668390,761.446849401449071593,706.159048966973614370,756.491149043185487244,656.895625895522584869,805.991610051731754538,761.457633760807539147,680.316750825496683319,747.452491211475944510,723.108862244897750315,719.751925001427139250,613.656168207700829953,593.844524634782828798,614.451775957035806641,634.609499605847076964,739.808648683779779276,835.030840646241131253,0.171378306236350419,0.404406547261976168
0.001420298645929112,0.009056679372450702,0.041440006743980566,0.167539040996195043,0.560838307381346435,7.763670831163087982,746.357165368620258050,916.186577819561534852,818.898663402441002290,866.996168146119202902,935.571361860483079909,830.603336997265842001,643.617503458055693955,896.711819933687934281,638.625284090535842552,831.457814289542170627,591.850211773351361444,803.744200370103612840,799.246179259050450128,541.441097065520239084,822.916820247930331789,659.693167629123763618,579.581030142747977152,750.107621217234623145,662.627256737820516719,0.193824314486775062,0.379630970549682312
0.000980748189223400,0.002456369013498781,0.037837915961514007,0.601586574847481126,0.514400455082484998,10.106570330687885573,854.453698391592070038,714.670808863777892839,674.484917521838042376,696.632038791415766354,744.462757736335674963,756.394334449014536403,628.639576081361269644,868.921555036603876943,643.701062883507120205,643.015283143431133794,655.266019717850099369,747.905413496461846989,766.977752389470538219,706.469349701177634415,687.756376497152018601,519.469689790664233442,637.139272474360041087,642.545076361148289834,758.100135169411601055,0.173137587964086404,0.335817781157978890
0.000950558347769672,0.006041183657991256,0.016662893501304059,0.336520506387440077,0.513264696847107516,10.072994754060800915,827.322405483772286061,810.861999073048650644,629.451784228704241286,781.406009850831424046,747.102869694766241082,838.196649591918458100,612.052783991969363342,916.309497164570757377,659.022279062124425764,713.416546832470771733,617.764979842235902652,788.586696457638254287,723.862932534391234185,596.121594167386433583,688.275538781588693382,632.228364567162884669,552.549602145558424127,702.968993220782863318,754.632223230193403651,0.192125697646202354,0.250690137103387722
0.001754046905872101,0.004273640737083166,0.053958369903473344,0.623465460125633530,0.512616293682495283,11.211549752712926420,847.066284716616337391,686.967675991710166272,632.352191900541356517,637.938419511609367873,700.848251146661596067,716.709357330370494310,613.392269093983713901,849.780600439275303870,661.534264590407588003,710.105112733190935614,642.785336999266064595,772.198771012782913203,756.715028142931828370,678.252095328811833497,697.684054769438148469,519.236652390000131163,672.226052497378304906,629.838819693671780442,725.688803347650605247,0.163067216694976924,0.502965470171186646
0.001195250884398115,0.010281070738577817,0.021308015730154950,0.444665161623296057,0.584128018024258400,9.836714608876309995,699.745528339003840301,786.024307115635679111,661.052001942895458342,734.660787948435427097,762.474741042656660284,925.431817140209091122,642.349208838029198887,877.066342675636178683,727.482551172375679016,697.690402203601706788,692.994037587221555441,785.001591538718912489,732.560026976507856489,582.005059481449507075,622.281767011024498970,614.072169563123566149,589.643598508695959026,812.438444499886941230,774.138192535430448515,0.182601310361562685,0.338498864380783526
0.000849362171167667,0.008056990157757172,0.015099325119055450,0.244725491342000834,0.577674181463811887,10.122147407486885129,772.534807601056627391,818.781771611813837808,535.518626260406335859,796.594599507068210187,784.480114060696223532,947.042668326364946552,668.277652151975985362,949.503922942338363100,812.349154390667081316,738.620246568221887173,677.629935124018629722,809.130897103698657702,751.200127785662630231,521.454042387279287141,546.948875594198852923,628.040608684681046725,440.648565275956286769,917.329640575397775137,898.960221673877754256,0.206048289250182037,0.233410803405421280
0.002174533290952163,0.013759251245335015,0.064351044446812250,0.488898358240551500,0.523811145276464551,13.006742124233573676,638.937974914866913423,735.809052375296005266,606.332776484794521821,623.732901730502135251,759.242732427434361853,735.063643970348039147,717.370557979590216746,852.196203970604187816,946.719719671635289160,836.072798530303998632,593.408725612548096251,930.617494496246536073,763.897627524666290810,576.526156005001439553,782.454555731262075824,715.803175443744180484,598.127212233749560255,744.030304970946531284,712.196377351224896302,0.162672894928415412,0.645671947734493878
0.001294427052112734,0.005069452950228478,0.042524180676236256,0.449910475059753678,0.604698020604444775,10.925416967069981666,786.701549424777908825,679.879768883981228100,632.242005350061390345,693.654249369437593487,718.812660391596409681,780.403606210677594390,675.290526875257341999,864.537694999382438255,719.444526603481563143,625.073686251550157067,688.432845477492833197,703.386112619280538638,778.551799854064483952,620.595744395496922152,559.013202092657365938,542.923400684819512207,544.640540051495236185,703.586364483535021463,817.803284548432884549,0.168830380975491412,0.394451468246207138
0.001403041899582157,0.007354563798456908,0.072999806917656382,0.583218060227429169,0.510272493924921022,12.533906689882712726,812.451467562114885368,681.326637037751311254,789.056358004931553296,686.124540125729140527,668.818988873902185333,670.263148633782293473,677.400071859948411657,763.043348042764819184,617.539597255811145260,630.756974535843255580,680.758635068346620756,658.574953236998339889,751.554332141532881906,767.614440591015863902,762.853571095862889706,626.550280969153845945,714.072020153143512289,543.172888124640621754,673.550099138297014179,0.161307934967240940,0.583607247620842151
0.001381027414020855,0.000809021574714625,0.051439612113961350,0.391848656939780216,0.628607451061581224,11.659943767937392067,860.606934989069713993,656.841155949583253459,834.119961429285694976,769.161845399387175348,792.930660885628753931,758.172604889109493342,603.006918084353401355,815.164030733269328266,734.352875911737783099,777.169975385837119575,680.983249237731797621,601.924531219913433233,710.935290257572546579,606.499743904681963613,572.820137268638404748,486.265941321833452093,425.762430529947380364,827.119234978377335210,895.736426797778335640,0.176868478524629946,0.404082604787094957
0.001430205372852226,0.010479403473440764,0.027417117583799725,0.373834650945275238,0.530443586106540743,10.085865193942641582,734.420359086193343501,829.344325879336224716,649.945171767571196142,758.679946629742744335,779.152148639337610803,855.525941434644323635,665.210037557639680017,909.117656403689807121,727.515148620091849807,790.755017026382233780,620.687262314201461777,826.570869291564918058,702.520802655934858194,563.014936702321961093,718.970750165400204423,653.095625227779692068,610.792235233770043124,765.379915724774832597,723.866014446157123530,0.173289250181994703,0.381182175349300323
0.001229254859604461,0.012183935394954253,0.022761120957851030,0.344173784849024944,0.563495579524214141,10.552321221859857658,651.185256730059563779,675.614036852382696452,821.426148368098438368,757.054602264452682903,740.241897486679931717,844.380439275859316695,652.352825270498328791,886.422686289747844057,710.643072580157877383,719.300331694937995053,635.198800456378421586,710.516741721063681325,731.695814702421785114,532.145371529510384789,633.049499430729383675,720.614617614442522608,532.235981625890644864,661.847630996245584356,766.871095655620251819,0.182115991264256261,0.359413755083528297
0.001872175982864706,0.005825091578911871,0.091675806131369469,0.638866212710280990,0.545469235193217994,12.946914849342567422,793.816370395894978174,655.716848319323048599,852.497751277587326513,649.577764048533936148,727.488035928717522438,646.357950892793041930,742.282440078553008789,733.669548902734618423,731.975454481953761388,728.964111621029474009,647.242223327716942549,703.096888643898410010,735.296372275461067147,667.553750118576886052,715.504465202396545465,558.383475920786395363,606.256547204887510816,608.020141409677307820,763.887934605465488858,0.160064304780393130,0.647505006822591045
0.001382100597473770,0.004368657260493409,0.026596490535290694,0.431799832369841097,0.524890352392253345,11.254454390437484079,805.379847276934356159,713.996189440265879966,680.812021189541837884,712.933745330699252918,720.210213248944796760,766.992462046589253077,676.286220218158973694,830.792015393042333926,676.154360587537439642,686.673877820966140462,635.034708420833794662,723.774764375865402144,724.603822057237266563,651.341023857164714173,662.734656686198945863,584.513224747122990266,587.158551916356145739,672.995245599210420551,804.797326806145974842,0.173076923076923128,0.340656044054732099
0.001195498005879486,0.003390058887818038,0.086761730987794008,0.527977714674923160,0.469742771930661218,13.466096149701877849,897.720532525287580938,778.807939849161925849,543.243396935604323517,812.702715373313935743,746.833870382216105099,802.717633219793810895,754.812712732754789613,762.429936894099455458,872.674162307436859010,816.589735744464633171,598.330833330836981077,843.355998875009390758,722.203736189354799535,550.669527389447921450,632.941750184283478120,656.290421317956315761,434.379743306070963627,774.862690497131552547,865.683480199518157860,0.166494782819703979,0.543218336079922426
0.002004010185783779,0.000193574224759477,0.084651841374263528,1.000000000000000000,0.460170541115171416,12.647422519703019006,956.981989546730574148,641.649535523080771782,680.644329131092945318,500.502311849263890053,617.869941835265763075,528.714223024906686987,609.667499992646298779,737.936487832082434579,543.935410288763705466,672.359098842536241136,574.502484048247197279,753.606326661822095048,728.229046477391761982,838.542485819452735996,771.732141529446380446,400.000000000000000000,769.606983158484581509,400.000000000000000000,544.061530722521183634,0.213904392137830635,0.678850264383476953
0.000745191622648670,0.010012919921005003,0.039196827891080352,0.293702602431223814,0.444117041692385306,8.736646953874270594,826.623795053783283038,836.907277251213599811,638.757446327798788843,748.655500748660642785,865.789899999021599797,1000.000000000000000000,699.844866139431360352,931.375661703278183268,896.135292526442071903,758.681675659718621318,756.433190567232941248,836.347738114137882803,760.401594655372264242,602.344767183442399983,678.746360673023445997,731.553654640171657775,521.275221813216262490,957.231165357674399274,836.743736146395917785,0.190154088813394795,0.358596559316932517
0.001570429406889717,0.002949140952937565,0.072197203051486192,0.844015846865600050,0.452274946370536834,12.673337145945570370,937.945640167335341175,510.948989173802431196,708.050791948887649596,621.234141228276257607,643.506666447505381257,623.815486291054980938,564.497834734185971683,780.895050499670105637,641.819320708625468797,587.441299358357355231,698.059945824180886120,685.953022368871415892,745.840489498650640598,803.987953654352281774,685.644911949055540390,502.872465380279265901,662.012454809306518655,520.757415147783376597,766.979068391299051655,0.161307934967240940,0.567339382398328262
0.000596047033192327,0.009143064145574569,0.028383318805779850,0.425296353604437516,0.695434018333619286,13.046835666085664585,782.446474669211738728,670.095009630379536247,573.395569488875480602,724.876302035991898265,814.304588879533753243,874.672948021614388381,666.984866803226282173,833.891689288382963241,791.917797073747465220,798.658525366457979544,781.758791239270294682,848.781766652550572871,709.910987619180673391,517.211809147437179490,655.027040967623293000,672.584324162674079162,550.987467765400197095,906.227111837431152708,829.725351539105304255,0.200345789856830825,0.371426911689882955
0.001601844788290246,0.004609327903790681,0.062129336483387435,0.679155231355903055,0.473468532437669509,12.068341372517460641,839.328208642003346540,627.797808049155491972,740.601918891608534068,710.461749087691941895,754.425562709061750866,704.143852464669407709,670.720066762488499990,813.051892772021346900,729.319033263133974287,701.369008311244442666,647.639958307087113099,762.885023615914292350,754.948353778254386270,669.167350776133389445,735.550425162050260042,604.614012730972262943,624.659477071029414219,598.413226136517209852,789.373748589694400835,0.160792283426352878,0.538202978169726731
0.001558528428972935,0.008161722971920235,0.041671388202201093,0.345182628170400130,0.533997206319340778,10.474482131374330152,707.951159505201417232,745.110124214597362879,631.972824504502909804,783.902927581208359697,854.571776527200313467,875.439122327432414750,688.305265157866642767,876.668238229395342387,791.810217299221108078,681.134003731889833944,699.524580922541304062,799.002106929070691876,826.854914468817810302,609.100237227783281924,680.689381915129274603,620.860293287062518175,609.433001354615385026,761.539687305845518495,892.397020394237983965,0.166707109924775554,0.435223582232458217
0.001584214194214113,0.004806217474108103,0.059958063794696315,0.551075923791301880,0.535053793468350802,11.785884600814856782,798.278279894982460974,737.661902102676663162,776.730393729303386863,747.994921139162784129,807.248569668658660703,756.235225059000867986,781.529669504572893857,823.016878624122568908,737.408800584384152899,792.264502062981591735,614.191376645204172746,771.349901893500828010,765.678045779500280332,583.534011367412858817,767.396438968048528295,614.833086258703474414,589.033863184764413745,636.855092804979904031,799.371872076776526228,0.163613200679446735,0.518233054364318768
0.001577348614781734,0.012572600834792419,0.015715988176762792,0.256120298567216242,0.517547307650652821,9.234893427652167475,758.181363610553944454,842.642916897779628016,732.150746919334778795,817.055631291920803960,734.711471136561385720,927.439325183376467976,660.963613225177368804,855.473582346925354614,720.706215301277438812,733.319929520249502275,665.057423964829581564,683.926982983964308005,747.434348423131723393,544.727504827764505535,707.954605398748640255,664.663872503602306097,624.110624499579330404,786.432959312872526425,831.161245979208047174,0.193581654938121850,0.312994193740488313
0.001964768223933661,0.009441824361088202,0.076861518851966598,1.000000000000000000,0.432169949750078608,13.396304761203214895,778.248738436112375894,561.523145293425272939,768.381299261521803601,560.344513404428312242,634.370903162841500489,563.448450416200898871,572.395025484296525065,709.843006866126188470,680.696279468242664734,568.516406480790806199,725.433110531562306278,581.477302396215236513,665.983510556503233602,860.490251553133134621,704.826561478622579671,664.241707788911298849,815.750422261299490856,436.196498971380265175,485.240960524164677281,0.160428294103373004,0.672286945710881101
0.001246780843570345,0.005816386202166998,0.050681858737957441,0.495789256025413905,0.538347055640670868,12.027687948562959974,862.351250510322984155,653.821018508741417463,622.501891591366529610,700.682158765106464671,728.165213777841472620,817.774910947018156548,628.100803084404105903,862.470030086035649219,725.810468858737408482,628.563803946513189658,702.448559931363320175,716.204437316896587618,744.011276772357291520,671.937894111417790555,616.115663911179126444,571.903887905164651784,553.401279962581952532,705.132888744588058216,879.693344262230652930,0.165706139286580956,0.457839937358028304
0.001182687052483186,0.010744445510894284,0.006697029651220959,0.149596525800325064,0.656367240325988699,8.999926603520012947,687.379654664287613741,801.759082777061621528,606.562023689264833592,768.426890144240701375,802.123735260927105628,936.024160496307786161,658.234706357975596802,901.721171494366444676,823.034525132040130302,620.663507031484527943,703.880533690712127282,751.573742933090784391,753.637165751546035608,609.421553428246284057,523.089933256937115402,647.698032170440455957,550.059601968539027439,847.718096399245951034,865.400025930847846212,0.246360106770201370,0.190911421439654588
0.002302847508162010,0.003325605294639250,0.092489946022750125,0.974474116897637521,0.505387325003700871,13.879706413788156283,893.290938991384450674,570.489887576644719047,601.244183180359527796,482.422495411127954412,597.485738493787152947,606.645855425657714477,656.744123795999257709,756.892951362179132957,701.070812542058547479,665.599633376503788895,620.709246895026353741,773.585651657403559511,742.743752069697166007,777.080745467210931565,661.390980118777406460,432.847996434941705957,669.684376297871949646,539.692762184837874884,654.345329663483425975,0.161671924290220814,0.694742427388285289
0.000936897531127885,0.006696835476478527,0.023395296255427283,0.215269344714512312,0.625161882200372387,9.353520808585349400,763.536141961549787993,773.335797053680721547,630.853646856199702597,809.154455853787339947,845.726367035643988856,899.400523111078086913,649.675061298098171392,924.511867582429658796,751.065205073857669049,642.331228106172488879,720.992056310922635021,715.663248912500421284,787.805635713950323407,529.966457064503742913,568.289270502407362073,582.936018679869107473,561.122603447521669295,736.799842324618794009,892.697062484531898008,0.194734287794224747,0.251919661029493369
0.001387301930370553,0.009948489161153604,0.022623966246966155,0.253992239493080363,0.595016163295261968,8.965318909896975441,691.404214503935918401,945.457616004590590819,753.905705565145012770,806.772041023636802493,844.197953021148464359,867.424739068632334238,660.138468973127487516,903.245767336233370770,626.268406319222094680,753.450823207019766414,668.695396965100258058,777.774573561997385696,782.545880098969632854,530.474574920741588357,689.821597770686366857,647.730010537859811848,568.417681014449499344,760.598382113154798390,703.574526029504113467,0.188091482649842323,0.313216905430020176
0.001927756093777352,0.005122367195569042,0.067403191055064593,0.803011900031895598,0.402071230002401581,12.367647837465108651,797.961147636393206994,622.686160178934187570,864.348864476149174152,653.166033521647477755,711.976252461850549480,633.416284581696459099,641.732229390982411132,768.727157760993236479,610.848822435588090229,676.264578417555526357,626.695972062855162221,656.821317336011020416,747.872403556424274029,775.153959322719060765,855.000923780399830321,645.553317289807864654,764.646219971286313921,440.667729130962413819,630.516348595885006034,0.160155302111138043,0.612218599480499504
0.001591962041800824,0.003828767086960392,0.109437219182820566,0.647675758960118975,0.491492339655855814,13.834443946076689258,832.620838157472348939,863.365982263453133783,797.197760342313813453,803.811146246941007121,782.698383667290272570,666.006141765637607932,833.152082086568043451,648.373990770119121407,758.470476599839344090,894.468875711252621841,541.970558103947382733,795.290833598322706166,689.501106328902437781,642.287698526760891582,872.346285632501007967,666.927856177486773959,599.968498590822377992,567.551282101957667692,661.117914217232282681,0.159639650570249980,0.664605089539931804
0.001372618630693908,0.005323000302847246,0.033595359810277878,0.341050377768363888,0.584161677525660061,8.154592686700590676,779.041145564337057294,709.687445306521908606,543.794130941476851149,673.656553812919469237,677.503549699687823704,853.676000106465608042,651.173236149705417120,945.760510791770002470,744.340868896938445687,644.742263525119483347,669.045685113718377579,779.833867984576045274,833.241930446678907174,575.613281053349851391,530.665849828426075874,539.574382117182267393,564.180034273327805749,726.980344298366617295,873.285291948108579163,0.188910458626546984,0.303662065317721219
0.000935775756712602,0.007256875857502920,0.007694466260681267,0.115249306187910877,0.584679598091224606,8.362392737997602410,718.956560706580830811,798.961567125675287571,666.893593006727087413,817.355051423345116746,829.754887353427989183,965.849689760010960526,657.572237377073633979,967.117665132979027476,722.602306263989476065,652.745249145738171137,706.480734367673903762,744.335193182124726263,825.161002497622007468,559.685763926063600593,624.233694790041226952,638.754968271720258599,576.118914456624111153,774.532050828029582590,908.210065810682181109,0.254519534093666566,0.151493268988029200
0.001851808817162638,0.010527073751356702,0.115137287612190650,0.437045681681106413,0.526201604494515807,12.912984412147554991,786.451321697600064908,823.983789148673622549,463.110647999425793842,757.813899771800947747,618.242446742357515177,823.446182309136474942,821.198778495022907009,683.953251311059943873,933.502994399402609815,745.640822549168319711,730.053971614931811018,844.306427119847512586,722.989753365133310581,646.186271778128912047,677.629484978269601925,687.622921895480772037,524.277345401500497246,807.950904440694330333,896.088717408745765169,0.161398932297985964,0.697994764402322665
0.001159745127568481,0.009520273805880093,0.010076209185262391,0.153710754968590546,0.581948875671349342,6.657727280537381276,717.766114087802520771,969.498665179616637033,783.957623997084965595,863.950640580234676236,948.312055392051206582,903.563668661952988259,591.554622390391273257,954.660865389220589350,591.808123630669115300,781.105954867114633089,618.996309747318832706,789.275874325646441321,796.428967790096294266,509.246806132172991965,767.325344267706213941,603.055500315467611472,584.010910121271422213,768.677762479420835007,618.779326273071433206,0.255702499393351101,0.187252891568611635
0.001572076200670033,0.002755566494357053,0.062138141064307845,0.677841787046775002,0.472666964673682855,12.060436567784917017,816.526107072167519618,754.845010320962387596,852.774029555919241830,730.140284769088907524,829.667106198994133592,657.961504244642696904,749.227631431559984776,807.666443077738449574,675.205637993237587580,787.200635042351336779,565.755885333542437365,770.146140987241778930,763.548393277876471075,662.985253168799772538,886.669769601228267675,599.898075072274650665,706.161832345192237881,486.601691293683245476,670.753723769019188694,0.161156272749332641,0.532484619012716376
0.002266834235015436,0.006332511481450026,0.086689086754701689,0.720339448009524208,0.514870868510423518,12.684252523322548711,763.378600645440087646,682.090244238346258498,868.644665414869450615,668.578364524538301339,761.733090666160023829,676.003805909630841597,754.719085715997266561,748.967110226518457239,659.574535791847551991,793.937782693591998395,591.665372163991833077,782.523042726367975774,768.119388231173729764,692.675732236024146005,899.677650715235586176,562.284750042431255679,718.481792883915090897,489.391509934575537955,688.521192099340510140,0.160488958990536279,0.684199675506079741
0.000976132774732753,0.005406717100707004,0.028033641063352252,0.367764086155213166,0.526575783193061309,9.748357172041156815,809.725802200589782842,776.319749613522276377,788.250837618712807853,806.337291610677539211,849.467959694113687874,859.578132219547114801,647.717203649322527781,896.544258690614242369,711.014434420649308777,757.075289334076842351,662.831621707860676906,754.784432787431114775,756.647566516804658932,604.196708710906477791,737.302781795592977687,626.560669065486763429,604.784608912328053520,711.241002278915857460,787.236351582681322725,0.179446736229070591,0.302271239718346241
0.002152150387963145,0.013432675359567436,0.046764178304544608,0.629441097093770385,0.562906023960398350,11.437395051342910790,667.403101715271532157,767.574527485669136695,692.844528484219495112,658.304481101023498013,736.023951992642878395,722.318856063312409788,687.126731830555513625,793.549771561509032836,650.691347076931151605,665.245305092865351071,703.414395022894836984,832.064632639204774023,729.654493787070123290,730.682659160460957537,769.708147248648060668,659.723567649684696335,701.148464397187581199,671.757441167546403449,654.239339122624642187,0.164068187333171522,0.586030497139680140
0.001428871598040033,0.012035107400711894,0.020682583528598305,0.046149378348688957,0.527989989815884964,8.201048396990227474,687.254786885773114591,846.910833507471011217,786.149027843431781548,873.162025953559464142,894.555433211381796355,985.764422511828229290,683.482490840390141784,930.541569991888422919,789.300382115328716282,729.226719040566081276,777.197591723995628854,797.933197375002919216,766.241171915129029912,599.110579102960286946,771.317254093212795851,809.285053319951998674,659.366764718693161740,820.354750411502891438,840.774544074846971853,0.232285852948313498,0.315544849897963220
0.001525902079490530,0.005581857036544705,0.045170736156534427,0.421760532679793021,0.526505541935404331,11.756954105432319224,781.295124024067717983,726.152366732160203355,622.286842679899564246,706.464569446303016775,717.512490289742117966,789.382892015237075611,711.930995937787656658,814.266233291033472597,727.041079911348333553,678.951055308993659310,633.868100620924565192,722.495065843824136209,720.895076836897146677,652.306726173765923704,647.112962057300364904,615.673173401185977127,587.075247760847901191,700.237572846854163799,805.966093478645461801,0.165645474399417569,0.450864595636713605
0.001634235749899923,0.004467583034316326,0.067829596826983626,0.621658952629399963,0.521703344278384495,11.785465492279334043,795.573792224760609315,726.073097706607086366,827.071513615846697576,708.544075751631112325,794.981160836283493154,681.714164875918299913,739.864276155999732509,793.055608458995038745,707.558779412792318908,783.279865047636576492,606.451483047464535048,760.314857826624688641,756.315575928012549412,659.075264970046987401,813.063726973897132666,595.446592799979043775,636.128340696261602716,553.645254126548934437,719.753454422269101087,0.162157243387527350,0.554971518892964699
0.001888672997086213,0.003859249029204395,0.067960012214745957,0.664118464875629977,0.508253672076346308,12.613754156996449751,800.489921048928749769,708.382415710641339501,769.188937897446066927,702.366776473756431187,775.668452546828234517,686.046216501401886489,796.634478050373786573,791.183357337171742074,726.850931980104405739,750.176146880146120566,580.783747354765523596,763.271468272947345213,770.747716810806423382,610.752722808582575453,765.527025941340184545,590.276108298948884112,627.161090905784021743,558.198531325139697401,775.844694006457643809,0.160124969667556405,0.580215620788656516
0.000971563863617114,0.004092609409742500,0.017289436346028433,0.256554802617656119,0.578802308114368835,9.211133367671198613,780.322223731102440070,773.957123785997964660,698.539151605962274516,787.006358811877589687,799.322344130564715670,866.027611159231696547,656.387516122059196277,931.180200730359615591,681.478460988857023040,657.635463155930551693,676.973209068084656792,694.149964588064563031,810.116953041764872978,576.217385765122003249,629.353085453065546062,591.831501162553308859,572.618438441877060541,697.053770561361943692,855.872216686444858169,0.197797864595971817,0.206014844263794739
0.001536555207261477,0.004630899491162529,0.049562489557342410,0.562456099998290826,0.510846356132440449,12.146216819502690498,830.456243016650773825,655.851356205075489925,653.345679984425487419,662.543170395144329632,666.589273629768854335,715.791580490723163166,654.787823675908953192,794.196946678790368424,678.329366741074409219,659.160729503896050119,644.859636766922221796,714.218197956596327458,703.680538004673735486,684.287913031775474337,641.424788241005671807,573.686391090247752800,600.916490610469168132,631.705102679778065067,765.682462804272859103,0.162915554477068625,0.477799411325137480
0.002347921828363432,0.005750403499524114,0.129415723392210053,0.664169379273985672,0.470758293499884017,15.091793773598020323,800.873889152069295960,870.701365761275724253,778.298325477809157746,847.786055202999591529,775.953663635549560240,676.348161444843526624,797.729318251972813414,620.647431755070101644,746.598399851246995240,954.645540302677545696,575.305932376286705221,868.716267683341925476,610.177207729081487741,692.401388685361553144,872.016388721183943744,666.738944798779925804,639.249475690608278455,566.761210759553932803,576.215072872367272794,0.160670953652026216,0.766736104535555296
0.002073644671604561,0.020272023253566088,0.043999361482738794,0.258915086457452870,0.600221119698600591,12.511148176258874543,509.605590326312778870,790.994212812641080745,804.284886135468582324,756.489783826539110123,737.822139024432090082,956.310180824476560701,686.571978368071313525,755.308060599509644817,720.720780474370258162,672.780191237727876796,736.828537244245694637,686.825204952606554798,640.343529897908524617,725.855953169144868298,858.272659040582880152,785.310727521487706326,859.667519835487269120,593.499935189651523615,847.052794327306060040,0.166100461053142467,0.596478924058054694
0.002201246238522948,0.008117752802550884,0.053147674429033447,0.655860603360229222,0.512666316665757682,11.251446440425368678,744.284936983527131815,741.842149925679564149,644.853184909570018135,542.890091507062152232,697.475650433749251533,533.944351414637253583,539.971732926168556332,894.687565743710251809,721.358101228187820197,666.453568415124323110,566.421117185038269781,813.786391098908779895,753.630988993131268217,752.272747778996972556,810.120313571508631867,608.792103286484007185,806.147804750366049120,518.461564188090733296,576.150538232653161685,0.163249211356466861,0.581929145544656246
0.001777151610722948,0.010855341498532355,0.091330747206253740,0.718323841194595358,0.602854290806507653,14.739614586947773489,768.394760414705615403,840.810639809679969403,714.043976351184028317,767.434599256986416549,739.818753219310565328,620.477127254407378132,672.854637811446764317,697.829596326980436061,738.141123286527772507,806.931118730531579786,629.272129948563588187,760.022542131538102694,568.483579938104639950,758.338784669445431064,769.635559245857962196,595.485229430043432330,680.153963923450419315,600.268018548252484834,638.597742980449424977,0.160579956321281192,0.700125478751909003
0.001194028696852275,0.002369065976716564,0.052456263834492582,0.324786103185384922,0.621665880547162875,11.661054021341065834,832.818174535854268470,731.295152982014769805,800.776013642184580021,783.833529356355143136,800.728206884223141060,830.970491054828585220,673.167824158272537716,833.434822880278488810,792.000148509413179454,793.669988009562189291,694.787358910215175456,679.999468064794314159,728.019746562701129733,568.279902703388188456,612.910893822145567356,576.502968510921277812,422.805891754821288941,845.133690434533832558,906.446793898272062506,0.170953652026207270,0.393480572887124236
0.000702464361899425,0.006052929907342386,0.021684002097202795,0.262834694614197395,0.560466249381380344,9.797333376340038313,836.333506511661312288,690.257149865327164662,602.338015974869222191,765.734457808600609496,783.688799293150168523,917.161738364395546341,585.230702358265034491,944.581730729940545643,751.589365848902389189,612.325404221702115137,732.013007239096168632,725.635021896077660131,781.750130007237089558,630.343308596058705007,568.308508236027932981,575.691195857951584003,526.369408917670511983,814.560225884571991628,941.080878641101207904,0.201073768502790573,0.239476671160040760
0.001758399615386980,0.006565527017388930,0.012265944849801098,0.138991055121401419,0.521546426822773412,7.614412166576729035,776.031756795353544476,922.831840334195931064,715.706564685849798479,823.788414195850464239,822.851368699699946774,802.526468175919376336,576.899637908030854305,893.221565442873725260,633.602667824348941394,753.885083175611953266,670.360427720591701473,744.494321886583747983,765.502537119958788026,560.899768900444200881,693.563296474135313474,574.882129841940127335,636.772472202020026089,761.889672607865804821,672.289363871525551986,0.225612715360349436,0.212699781202459165
0.001361280363079496,0.010752969415426647,0.012452557582999492,0.406950602847607479,0.648107888912102137,9.256578319013071265,715.082315309364958011,685.081111079818469989,713.941102962673312504,679.959017178608974064,835.423715468452655841,813.704692442553096043,719.032780450505811132,871.581955996479109672,767.723038538733931091,776.111862526954496388,757.197475715811151531,779.261510146384580366,774.737167704834405413,533.198540550405596150,601.501376705061716166,576.368588663506784542,570.510205982130173652,748.481235366346595583,879.518828408840818156,0.201892744479495234,0.294805847980987357
0.001034191883231534,0.006956545770408429,0.037084772016900719,0.362715078256434342,0.520154550471986665,10.660044641113072927,779.091034353052691586,874.090425872864216217,712.267059746231097961,800.944674918554710530,833.971535109871638269,881.718790443768625664,724.335074226791448382,897.329057839673509989,767.607603244498250206,816.936018421056701300,605.781269715853341040,859.209759278313640607,763.312455559515797177,495.068303859822833601,759.655437189741405746,701.825710238746523828,514.856689609422573994,765.785771835664036189,789.150267489742645921,0.176716816306721647,0.374234431909690690
0.001387008545526416,0.008487681835958948,0.049134462266308285,0.426765242372089348,0.574893571635386125,10.164662693111129244,758.333586949872142213,729.268898551712936751,644.786120286605978436,711.808128756795781555,758.823744341954466108,817.983179132392024258,644.438099181886855149,867.518672685240858300,747.958800183512153126,715.547421103732631309,675.053213688970004114,791.001217758373059041,763.942902323857310876,611.032382365912212663,632.390432478141178763,596.838882431176443788,570.665162412143445181,749.061010603898466798,774.515681421718454658,0.166525115263285617,0.451662409716527935
0.002083210166937446,0.006766301281348103,0.051835129222009356,0.607917656167404896,0.556262837137239119,11.951345868065958555,752.148988460016198587,691.528288728687243747,676.778185524576656462,642.112893083113021930,721.891435709960433087,715.670401872872730564,606.458464289944913617,771.641599614963865861,652.316784060438862980,624.275484550504870640,680.366550083135734894,664.097163977950344815,720.550611443528396194,679.815118769714217706,652.397361621095001283,613.251712305795877000,624.788712407900106882,686.460876824782417316,711.678654533993494624,0.163673865566610011,0.550620606024162851
0.001665333760903807,0.008141575080491311,0.034926531304552234,0.442804113655036691,0.582089538421694419,10.232558741817006975,757.456706714777624256,779.056660545506929338,844.515258552625027733,803.576138845886589479,839.162924563104866138,769.393955132854102885,668.924328483087151653,876.231856134770282551,646.443780750390828871,726.495599760023651470,642.459247288940218823,746.866315262937291664,798.859138643911478539,600.612616668238047168,810.622882235616771140,571.251451724433991330,669.337690906526631807,594.101379071483734151,679.734397337900986713,0.167647415675806877,0.431924320827943076
0.001283759178784926,0.008988520585384751,0.014447026291983460,0.263230855658436236,0.584162990520814107,9.981982473938650458,799.723642545425491335,732.638817101935615028,503.651673899544960022,775.194469883587544246,823.959298541778480285,921.968732014330839775,701.450087656256755508,942.637177408354659747,724.534580198570893117,646.587186654102424654,674.514448439090756438,856.921917941749370584,865.338876551323437525,537.280399344934380679,544.378586491170040063,530.951419619264697758,527.771440531362031834,833.802914769337121470,888.337795441501384630,0.197039553506430432,0.259842805704763480
0.001697449073394530,0.002531156990243865,0.065183188129313882,0.633458461393057282,0.508210815120003323,12.070794796392677384,813.432142468993220064,718.138156569311377098,708.319636187919172698,717.779279936959596853,801.829090249191608564,716.405655993208824839,790.988406301901250117,819.016730246535075821,757.241520392469510625,743.756670153977211157,599.628768952334894493,798.828761937635590584,792.670084104948386994,599.769188164815773234,755.886172245471698261,579.700827697620070467,602.605078055372359813,592.473564153935853938,805.603660918847253924,0.160943945644261066,0.532516366105906580
0.000836757869186192,0.009069028543424781,0.009680439943332415,0.175784947013666870,0.659106819273856503,8.485148225589751902,696.503317984006457664,735.358734149248675749,512.454983387325341937,751.807334324202088283,758.204792811534844077,960.016978626989725853,668.138191443539653847,952.871925134841035288,811.451723230421521293,633.494470093169525171,716.485894665479008836,792.133181219903235615,839.933021637839942741,544.156136737561041627,470.792303416147206008,545.676460581270362127,487.611937863335128895,876.710645652300399888,967.921784501420006563,0.241112594030575056,0.178265915951943854
0.001356957554219513,0.002723620965749145,0.044511461007730527,0.636347212939159745,0.536895338770671082,11.328113444185383685,834.644836453446941960,708.796579017645626664,577.464683949938262231,602.848280077278332101,669.709932235386531829,744.922294379501522599,656.121793266097256492,850.356122081679700386,677.126344071224139043,663.169625811779269497,663.692977161866565439,770.337123941965728591,757.777810021793584383,692.737309170595835894,610.217151625381575286,470.152766596237825070,643.614531777295837855,631.023391737097085752,766.792395876149271317,0.167313758796408640,0.413727735475296954
0.001562790853835398,0.006859865666006500,0.064201129505534971,0.461208653455635775,0.447110942531836975,9.898934814982396801,746.023282030485120231,706.590772643058130598,615.056356486209438117,741.330396504351483600,798.528634199603516208,806.314027836080299494,616.813052164308260217,865.164380978515737297,766.774215372872049556,650.123826704233920282,627.829998705688581140,777.999082460645695392,809.198858015423866163,625.358270838050430029,665.717100920491020588,679.804460647691712438,595.194013215990139543,677.472422190302268064,790.738738314077068026,0.163855860228099948,0.500534247080063333
0.004096518852841461,0.005335951780169591,0.051816583551718469,0.121706837350486152,0.467628631856574439,11.550897955586167498,897.124832155672038425,859.904339391059693298,603.317823090147498988,661.945461908675497398,489.692090994467207565,639.924998350349255816,698.174532843967313056,587.288544140735211840,863.514131298163079009,647.006977768651040606,811.139722487734388778,584.530545155232289289,679.740523806431156117,618.059557813281799099,633.989830706849716080,727.389565968186161626,748.360351199277374690,729.538359905904258085,862.477950649408739991,0.178749090026692592,0.621358391784997410
0.000810643068833341,0.006646794031892633,0.012186813148881315,0.247821282134033982,0.510036709991269821,7.829946628056738689,755.720970036030280426,831.353636302297672955,745.757314893744592155,812.111108289792241521,854.433848538811730577,932.878552592866526538,637.832461066523478621,964.548595162866376995,692.221053267865613634,694.780701997004825898,685.678431707390018346,780.107640933982111164,800.080688391886496902,597.440711532574596276,718.447737377563498740,677.495152409816569161,624.272898712641563179,757.618678371310352304,789.717174045169826968,0.227008007765105546,0.189267024145971907
0.001560544335373390,0.003302239042036884,0.053669971872375724,0.587973332400984927,0.505801675001739892,11.539593105337363710,822.952261674698775096,770.245205959239115145,778.328742396509824175,739.383898906942022222,817.586979171443317682,732.904646163494930988,740.373723208356636860,841.307186299396107643,690.051439260059396474,761.548308760758800418,610.167472444417626321,778.304700342208548136,771.381405604196970671,627.049077586555654307,800.661320337981919693,595.551430620294809160,642.857245132707248558,572.770053006030934739,732.782499698018227718,0.163764862897355035,0.486182208154776641
0.003063346471650918,0.002879244409145787,0.084128863085455710,0.572507339504575996,0.460793105079137066,13.540988865089177651,844.679319244376074494,807.261641728233712456,817.456883398975378441,715.163017778252083190,682.581266729711956032,716.799181075026353938,799.925925542714935546,716.022145965403751688,668.315567403163413474,816.563983888453549298,540.699153380809320879,666.944651163732032728,626.029513240922483419,554.714004330378088525,755.164143807838854627,718.510711958909269015,604.836310608629105445,699.406723716742249053,737.638634110756015616,0.163673865566610011,0.700032773776285033
0.001153098269235774,0.003458101154275220,0.031926285929183867,0.499251702277485387,0.553859753317971437,10.062365337200885662,802.325444760931532073,792.027588889380012915,616.211512590229062880,694.801951379184856705,738.462020666636362876,791.503455588522115249,649.290338526749110315,877.839876140860837950,670.344960423121392523,696.519204998154805253,642.740627713832168411,764.278789040879928507,757.326812774825498309,625.893311374708105177,624.946594157106915191,518.024106177916223714,610.470947930196075504,686.371736064607603112,761.018935104730871899,0.173349915069157978,0.319511379115320571
0.000739895083688216,0.002277614309887361,0.031330902629621613,0.356264994286528025,0.620853865664843685,10.923287883190232250,843.170707846992399936,688.546243447203664800,642.304080190214108370,732.840571313694795208,743.732094871575100115,855.761176718244200856,618.318435365115874447,922.829588321718574662,830.495294105746438618,692.819522583395951187,674.835792839278155952,768.141507990645095560,776.734797067000613424,530.258729259797405575,475.218108892111217756,492.429483903791037847,410.027658133311376787,895.269811368662885798,936.938451234829926761,0.193520990050958464,0.247704088841165321
0.001678291196266679,0.007235803988041534,0.049091635902539288,0.554838349065579717,0.530785602277043078,11.769873013023081754,748.803054427662345915,676.181782715224244384,720.723367158174937686,702.984487425597194488,776.626255964205256532,762.161625392386895328,656.488963878189338175,821.413942230055567961,706.964998095530745559,716.039540645704732924,686.433039285127279072,703.282411100313197494,770.790107222420942890,647.891007993794914910,707.277144727861696083,591.181656468898722778,589.515102377719131255,656.061527105071604637,757.908806633587346369,0.163522203348701822,0.509516631715859591
0.001560268888226466,0.008757780729439734,0.104798695772341605,0.814546754558332919,0.428662523009638030,11.934379038877191093,734.012041388496413674,796.769235598204431881,682.813977732010243926,591.066003469142629001,516.544867897958852154,628.406259280279300583,695.167640214478979033,766.653786782887436857,572.637879685982852607,669.801350652945529873,669.684092441327720735,740.543386445637679572,470.959977277573614174,871.899325669077370549,730.228132605537325617,512.694604658179628132,651.084128481801940325,623.046359773600556764,599.071334682322685694,0.162157243387527350,0.672647861461534768
0.001247201172188292,0.004082209555326117,0.013144597502431566,0.258590227598179068,0.490709665214902446,9.551777913250537821,829.487507691904397689,829.229092206355971939,751.700244072297437015,817.619231609833377661,823.360176843734620888,897.036368271088349502,643.985781678036119047,968.128286130739752480,701.049068737160723686,756.397005836197308781,668.027217212579216721,741.076005864506782927,742.132576539267120097,550.788483844828760994,695.736994995857116919,656.791810534656406162,556.179248767000103726,742.500041974734358519,793.257370608653332056,0.200649114292647424,0.210903132041240338
0.001097116352468738,0.004644932123857529,0.056112174903315236,0.530770752414021718,0.524201663578273136,11.467325993795739691,920.446986441564035886,619.382510871606427827,651.003921586221622420,733.647383725223789952,769.455763341174929337,823.088362147270231617,621.980002619636593408,841.308466172583280240,686.032622727957459574,666.286069128124381677,722.817397367614603354,716.301926345358651815,741.978499214245061921,670.843328419249019134,615.665641585302637395,545.518609633654023128,575.352069432134840099,721.880057672818566061,880.092487078520093746,0.169133705411307900,0.444187604797522395
0.002398833266359271,0.003608223527952899,0.100962969797453658,0.961529573927492387,0.457001203703846282,11.382847004938998481,886.318284259441270478,614.476565367044031518,809.899097101366237439,639.258063116498192358,720.167106240377961512,630.431342389528595049,770.608633048762840190,673.261493961235032657,665.217788354315189281,635.089720064764833296,597.914840042003220333,608.761097905290853305,760.428498835137020251,769.939322224124794047,941.328735279903071387,507.736571889870106133,841.111408318419194075,470.864661283433861172,761.686747515507590833,0.162157243387527350,0.699224018824394222
0.001229884002312472,0.003926574248158322,0.050329841297796024,0.721071134372150868,0.524612741547863748,11.158952471119567562,857.913829663776255074,690.315503156523050166,747.307439217463297609,675.081355017041119027,730.115403483544696428,698.872208512977977080,614.388777050013118242,835.516100744985010351,617.681008027076131839,687.659874516831450819,634.522910252189149105,731.304774507303363862,738.605136884567741618,726.838388815302437251,716.652765551689526546,517.507331371071927606,669.397884971482881156,544.636232011512902318,684.639096391699922606,0.165675806842999318,0.452149595760655498
